"","V1","V2","V3","V4","V5","V6","V7","V8","V9","V10","V11","V12","V13","V14","V15","V16","V17","V18","V19","V20","V21","V22","V23","V24","V25","V26","V27","V28","V29","V30","V31","V32","V33","V34","V35","V36","V37","V38","V39","V40","V41","V42","V43","V44","V45","V46","V47","V48","V49","V50","V51","V52","V53","V54","V55","V56","V57","V58","V59","V60","V61","V62","V63","V64","V65","V66","V67","V68","V69","V70","V71","V72","V73","V74","V75","V76","V77","V78","V79","V80","V81","V82","V83","V84","V85","V86"
"1",0,0,0,0,0,0,0,0,0,0,0,0,0,0,0,0,0,0,0,0,0,0,0,0,0,0,0,0,0,0,0,0,0,0,0,0,0,0,0,0,0,0,0,0,0,0,0,0,0,0,0,0,0,0,0,0,0,0,0,0,0,0,0,0,0,0,0,0,0,0,0,0,0,0,0,0,0,0,0,0,0,0,0,0,0,0
"2",0,882,272,0,0,0,875,0,0,0,0,776,0,53,20,0,0,0,0,0,0,0,0,0,376,0,2722,0,82,1440,1081,0,5781,289,72,166,201,0,2736,0,0,0,0,0,0,0,0,0,0,0,0,0,0,0,0,0,0,0,27,0,0,42,0,0,0,0,0,0,0,0,0,0,0,79,0,0,0,0,0,0,0,0,0,0,0,0
"3",0,341,21349,0,0,19,793,599,0,0,0,4243,0,1372,118,0,28,0,0,0,0,375,0,0,318,8,1885,1138,460,12711,69103,95,28747,17700,173,98,3880,1463,6682,0,0,0,0,0,0,0,0,0,55,0,19,0,0,0,0,20,0,0,444,0,1152,90,0,0,0,0,0,0,0,0,0,0,0,88,0,0,0,0,0,0,0,18,0,29,0,0
"4",0,0,0,8134,79,554,0,821,23,0,0,1505,440,202,0,2551,49,0,559,577,0,0,9910,8,0,23334,0,99,1244,2593,2493,351,606,0,1284,0,703,379,198,241,0,0,0,0,0,0,0,0,0,0,363,0,0,0,0,32,0,0,93,77,225,7,3909,0,25,525,0,0,0,5,0,0,119,2332,0,0,0,0,0,561,0,305,0,0,102,0
"5",0,0,0,70,509,0,15,400,0,0,0,4246,284,1218,115,1128,36,5,269,11,0,0,15288,3,0,5890,936,1724,1010,10110,3571,367,681,21,2245,0,789,46,1271,992,0,0,0,0,0,0,0,0,0,0,230,0,0,120,0,597,0,0,770,7,444,0,400,0,0,52,0,0,0,0,0,0,13,118,0,0,0,0,0,693,0,97,0,121,115,0
"6",0,0,1226,6383,0,14637,80,8298,0,0,0,2957,4655,10669,4781,3044,0,330,72,2,0,0,12426,37,0,13297,493,4485,8963,0,284,383,6402,1777,19,0,7672,270,3472,547,0,0,0,0,0,0,0,0,0,0,715,0,0,0,0,2974,0,0,913,602,13488,5300,4147,0,0,43,0,0,0,3,0,0,345,9393,0,0,0,0,0,0,0,3438,0,31,175,0
"7",0,564,1911,0,42,54,128759,2670,0,0,3,32112,1256,9091,4435,11879,591,3992,609,165,0,0,0,30986,189,3178,123343,18434,38124,21981,14193,765,55102,1759,1056,28182,5573,163,43838,1,0,0,0,0,0,0,0,0,390,0,8,0,0,30,0,558,0,0,1225,23,2482,1410,3660,0,38,329,0,0,0,142,0,20,306,8123,0,0,0,0,0,182,0,371,0,109,0,0
"8",0,0,21,69,83,1663,38756,45581,54,82,0,2690,12610,3669,2233,38757,87,452,5053,1092,0,134,19868,36012,0,3888,3423,9042,18166,4136,10991,4694,13123,2130,676,22164,12195,12432,3067,2876,0,0,0,0,0,0,0,0,434,0,989,0,0,13,0,7325,0,0,239,1014,4997,1540,20881,0,0,2110,0,0,0,348,0,0,693,8246,0,0,0,0,0,422,0,2171,0,0,469,0
"9",0,0,0,0,75,0,607,465,1845,49,686,2287,2348,700,19,896,44,330,72,627,0,0,0,739,419,150,452,1557,5599,4230,1802,6960,1747,155,279,0,2958,8361,1884,443,0,0,0,0,0,0,0,0,355,0,0,0,0,38,0,0,0,0,29,598,187,24,0,0,0,0,0,0,0,0,0,0,0,19,0,0,0,0,0,0,0,333,0,36,212,0
"10",0,0,0,0,0,0,0,176,471,274,31,904,143,887,19,820,0,330,63,24,0,0,0,0,419,0,0,1062,5359,1473,651,7,37,135,406,0,3837,1086,307,76,0,0,0,0,0,0,0,0,2,0,0,0,0,0,0,2,0,0,528,11,603,62,0,0,0,0,0,0,0,0,0,0,0,191,0,0,0,0,0,161,0,1529,0,23,0,0
"11",0,0,0,0,75,0,0,39,1746,0,689,342,217,26,0,0,0,0,0,0,0,0,0,0,0,124,0,0,0,1435,777,6221,35,0,43,0,1110,6308,130,68,0,0,0,0,0,0,0,0,86,0,0,0,0,38,0,0,0,0,0,282,0,0,0,0,0,0,0,0,0,0,0,0,0,19,0,0,0,0,0,0,0,93,0,36,212,0
"12",0,361,4275,1355,414,1341,8985,11140,66,241,8,62996,6150,21849,3975,5086,2218,4432,4511,909,0,75,14765,3836,541,21778,28015,7510,38193,44310,27277,2809,72495,3548,7270,1643,28115,4316,48015,2656,0,0,0,0,0,0,0,0,691,0,554,0,0,120,0,240,0,0,4326,1470,10184,1336,2141,0,40,307,0,0,0,9,0,0,166,4821,0,0,0,0,0,1776,0,5119,65,247,397,0
"13",0,0,0,1913,150,286,14808,24106,1179,127,52,5547,14374,4166,764,11465,78,335,1096,1225,0,0,153,13203,419,11839,9172,5122,11223,15056,7919,9421,8772,1507,2172,6175,13114,10892,4544,2439,0,0,0,0,0,0,0,0,1216,0,6,0,0,0,0,3766,0,0,546,1039,3757,619,8643,0,25,889,0,0,0,217,0,0,254,6056,0,0,0,0,0,688,0,2359,0,0,456,0
"14",0,203,1942,20,59,2524,14736,11984,57,274,13,32355,7003,32665,8523,9529,452,467,123,739,0,0,0,7341,502,1231,6156,8867,19000,6810,11624,1615,40771,4990,3873,8585,32672,3611,19278,1341,0,0,0,0,0,0,0,0,298,0,4,0,0,0,0,4661,0,0,3619,2066,26368,7919,9732,0,8,310,0,0,0,44,0,0,1115,13837,0,0,0,0,0,1349,0,9066,65,147,402,0
"15",0,338,418,631,11,5711,2835,10383,23,0,0,4680,2796,15022,10356,12453,42,494,251,764,0,0,3,536,110,1777,4799,10228,46073,41,0,35,6584,4653,116,306,4169,12,8103,48,0,0,0,0,0,0,0,0,0,0,0,0,0,0,0,4902,0,0,676,689,13680,7918,11626,0,8,441,0,0,0,90,0,0,1058,16245,0,0,0,0,0,0,0,3126,0,85,181,0
"16",0,0,0,8,142,2941,16660,31236,23,0,0,1346,5554,6831,3292,59342,5914,7992,38817,957,0,0,30479,20556,0,23445,11790,21814,63467,1593,429,592,2897,3607,319,6364,7011,2492,2331,1066,0,0,0,0,0,0,0,0,156,0,1323,0,0,48,0,7287,0,0,99,649,5398,1714,27940,0,110,12764,0,0,0,77,0,0,862,21207,0,0,0,0,0,127,0,425,0,36,293,0
"17",0,0,0,81,191,30,3047,4580,24,0,0,29340,1408,6486,86,6506,11294,14464,40716,133,0,0,13358,1398,0,1597,12681,2316,5543,13052,11035,1527,31942,1749,3223,4169,5819,1065,25692,450,0,0,0,0,0,0,0,0,153,0,552,0,0,81,0,965,0,0,2130,63,1257,20,2760,0,0,1084,0,0,0,0,0,0,66,165,0,0,0,0,0,1226,0,281,0,136,185,0
"18",0,0,0,0,0,216,6912,4065,0,0,0,1514,490,1542,2011,27665,6664,20019,33360,4,0,0,24,249,0,4997,15237,18967,51861,1653,691,20,554,2534,264,4025,664,50,2667,23,0,0,0,0,0,0,0,0,18,0,4,0,0,0,0,1586,0,0,10,0,2670,1336,13852,0,110,5136,0,0,0,27,0,0,506,11211,0,0,0,0,0,127,0,425,0,16,0,0
"19",0,0,0,12,58,2810,2806,14636,23,0,0,762,1642,1773,2079,48722,10428,19042,58034,1054,0,0,33097,1041,0,9842,5927,12422,35437,1590,360,134,715,471,264,4981,625,252,1752,21,0,0,0,0,0,0,0,0,0,0,921,0,0,55,0,2467,0,0,60,55,2847,1401,23554,0,90,13345,0,0,0,77,0,0,515,13154,0,0,0,0,0,127,0,425,0,36,0,0
"20",0,0,0,9,11,0,648,2424,23,49,0,2119,5723,1116,120,5033,53,330,644,1837,0,0,3,2473,419,133,560,1277,11893,2644,1961,377,1447,135,597,0,2035,263,1802,191,0,0,0,0,0,0,0,0,198,0,0,0,0,0,0,684,0,0,0,379,979,218,5310,0,0,554,0,0,0,50,0,0,0,4404,0,0,0,0,0,0,0,562,0,0,0,0
"21",0,0,0,0,0,0,0,0,0,0,0,0,0,0,0,0,0,0,0,0,0,0,0,0,0,0,0,0,0,0,0,0,0,0,0,0,0,0,0,0,0,0,0,0,0,0,0,0,0,0,0,0,0,0,0,0,0,0,0,0,0,0,0,0,0,0,0,0,0,0,0,0,0,0,0,0,0,0,0,0,0,0,0,0,0,0
"22",0,0,2469,0,0,0,0,599,0,0,0,91,0,0,0,0,0,0,0,0,0,395,0,0,0,0,0,0,0,0,2230,95,5872,0,120,0,120,1463,0,0,0,0,0,0,0,0,0,0,55,0,19,0,0,0,0,20,0,0,1,0,0,0,0,0,0,0,0,0,0,0,0,0,0,0,0,0,0,0,0,0,0,0,0,0,0,0
"23",0,0,0,3462,34,6569,0,1201,0,0,0,126,467,1846,113,2431,529,992,3817,104,0,0,53474,9,0,50933,3,2057,1913,0,0,0,0,2172,0,271,194,0,97,0,0,0,0,0,0,0,0,0,0,0,1309,0,0,20,0,1040,0,0,120,52,1896,307,6415,0,48,2118,0,0,0,31,0,0,588,5894,0,0,0,0,0,0,0,33,0,15,6,0
"24",0,0,0,0,12,228,54732,16346,25,0,3,1759,3797,2042,2354,16427,62,137,1676,1151,0,0,7277,73232,0,570,16264,4180,10624,1099,4201,3448,7389,16,66,25038,1221,5815,4604,195,0,0,0,0,0,0,0,0,659,0,392,0,0,7,0,1584,0,0,36,345,2594,1183,10425,0,0,1559,0,0,0,526,0,0,297,4307,0,0,0,0,0,127,0,413,0,0,0,0
"25",0,870,2788,0,0,19,309,0,0,0,0,3052,0,771,20,0,0,0,0,0,0,0,0,0,922,8,1687,1138,403,722,849,0,13956,1885,72,68,830,3,4980,0,0,0,0,0,0,0,0,0,0,0,0,0,0,0,0,0,0,0,274,0,968,42,0,0,0,0,0,0,0,0,0,0,0,79,0,0,0,0,0,0,0,0,0,0,0,0
"26",0,0,1716,8073,432,7310,17440,5238,42,0,8,21017,3120,17752,1638,9363,409,432,1907,1425,0,75,40758,12553,114,97260,16090,11511,25225,13865,8321,1269,15702,7142,3960,7626,7009,530,13637,901,0,0,0,0,0,0,0,0,265,0,1304,0,0,120,0,4736,0,0,3449,1045,19630,2602,13793,0,86,1416,0,0,0,81,0,0,1048,24497,0,0,0,0,0,1275,0,4473,0,276,190,0
"27",0,23,1750,9,109,61,91373,2329,0,0,3,46180,1571,10002,3081,12761,1006,5074,2851,133,0,0,6,16086,4,4234,150450,25689,72650,23946,15696,539,45554,2393,3719,13027,6656,113,51743,240,0,0,0,0,0,0,0,0,477,0,4,0,0,65,0,847,0,0,2736,0,3077,1104,4462,0,58,1478,0,0,0,15,0,20,316,12435,0,0,0,0,0,747,0,115,0,201,53,0
"28",0,11,1008,70,368,290,22579,9765,47,0,0,9230,2920,7972,5149,36925,2472,10106,15916,624,0,0,11414,3306,118,11509,66729,42266,90757,19297,10667,1243,8859,10095,1574,1629,4838,155,19389,2542,0,0,0,0,0,0,0,0,153,0,226,0,0,86,0,6825,0,0,211,683,6041,2823,20161,0,118,3112,0,0,0,49,0,20,1272,23430,0,0,0,0,0,422,0,784,0,211,379,0
"29",0,338,888,11,59,683,10922,10695,23,147,0,12470,2203,14349,9295,50241,299,8843,15921,1098,0,0,5395,2160,224,20784,47815,33603,138498,4908,3191,410,8304,8891,1475,1435,7499,455,16763,205,0,0,0,0,0,0,0,0,2,0,119,0,0,42,0,6974,0,0,1268,710,13939,5942,29210,0,123,5147,0,0,0,99,0,20,1417,47504,0,0,0,0,0,681,0,4775,0,189,212,0
"30",0,11,1584,81,384,13,29013,15536,429,0,471,41155,2690,5787,452,4374,705,235,827,114,0,0,0,8016,4,669,36877,9800,7774,140787,70427,6849,40625,2322,6210,6295,7107,3339,35178,2750,0,0,0,0,0,0,0,0,407,0,47,0,0,107,0,217,0,0,2578,337,3316,93,1261,0,38,724,0,0,0,138,0,0,34,1383,0,0,0,0,0,1503,0,1341,0,238,367,0
"31",0,882,11733,81,379,57,40173,12022,870,0,479,46480,5103,10006,801,7150,946,238,1167,191,0,90,5345,12981,376,1261,53420,9781,12835,126302,123519,13224,84068,4207,6111,6725,15470,10025,44878,3526,0,0,0,0,0,0,0,0,663,0,125,0,0,79,0,3,0,0,3031,1108,5614,326,2225,0,38,742,0,0,0,162,0,0,0,2315,0,0,0,0,0,1503,0,2279,0,139,314,0
"32",0,0,21,11,192,12,1837,21624,1793,0,697,6162,6642,1643,199,4091,46,0,709,52,0,39,0,6752,0,190,1393,2728,1222,22541,14812,14464,20663,172,1882,187,10728,20891,3656,2601,0,0,0,0,0,0,0,0,1281,0,76,0,0,68,0,0,0,0,336,600,2395,0,2841,0,0,390,0,0,0,35,0,0,0,1515,0,0,0,0,0,532,0,1668,0,49,221,0
"33",0,882,10520,81,207,1869,42392,17877,74,45,8,58491,5094,16026,5348,10412,2609,3178,6530,178,0,404,0,13123,803,947,57028,11085,35162,55567,73583,7034,119183,4076,6333,9107,26469,13925,53019,2909,0,0,0,0,0,0,0,0,772,0,80,0,0,68,0,581,0,0,3545,1142,7720,1666,3140,0,38,166,0,0,0,177,0,0,288,5659,0,0,0,0,0,1742,0,3927,0,187,397,0
"34",0,11,6909,0,45,274,4417,5380,0,0,0,24350,1335,4764,1453,10026,1396,5528,6481,2,0,0,0,40,123,804,20126,21235,24468,7594,11294,64,10721,27483,2266,1221,5613,11,13604,1180,0,0,0,0,0,0,0,0,0,0,4,0,0,35,0,6332,0,0,1955,630,2995,982,10116,0,28,218,0,0,0,34,0,0,748,8591,0,0,0,0,0,570,0,543,0,150,256,0
"35",0,214,1779,81,248,16,6386,5407,62,94,310,19909,6434,6713,1044,2828,232,5,560,784,0,90,0,6688,498,420,5408,4617,4279,28922,18775,1439,13530,1736,7474,3520,13157,1365,8573,3122,0,0,0,0,0,0,0,0,250,0,4,0,0,30,0,201,0,0,2533,989,5038,735,2841,0,0,390,0,0,0,0,0,0,0,1361,0,0,0,0,0,1742,0,4071,65,48,397,0
"36",0,350,206,0,0,0,57454,3099,0,0,0,5168,5,716,1244,2764,10404,17608,39163,77,0,0,21,25092,110,72,17377,3923,17661,175,1078,162,8861,209,0,32346,1564,526,10337,0,0,0,0,0,0,0,0,0,0,0,47,0,0,0,0,0,0,0,27,0,0,129,0,0,0,0,0,0,0,127,0,0,34,3270,0,0,0,0,0,0,0,0,0,22,0,0
"37",0,215,4160,20,49,2129,1718,28227,539,274,223,33988,12238,26056,3709,5867,432,335,561,890,0,78,0,1243,502,676,4859,5672,12341,12096,18055,5087,55132,2085,4914,98,43035,18492,16805,2871,0,0,0,0,0,0,0,0,994,0,72,0,0,30,0,3068,0,0,3462,2319,18062,2084,3961,0,0,394,0,0,0,4,0,0,218,4691,0,0,0,0,0,1564,0,9867,65,105,492,0
"38",0,0,21,11,75,0,1517,25838,1542,82,360,3773,7295,3085,218,3254,44,335,216,627,0,39,0,6366,419,157,776,1288,6072,3935,4504,11472,20701,155,1419,187,21842,27299,2612,1256,0,0,0,0,0,0,0,0,951,0,72,0,0,38,0,2,0,0,175,626,3051,24,0,0,0,0,0,0,0,35,0,0,0,380,0,0,0,0,0,520,0,3775,65,36,221,0
"39",0,349,3519,81,378,167,78876,14565,47,147,0,57832,3667,17444,7384,30216,4692,6303,18700,701,0,0,5358,27621,228,9507,87029,30189,86460,42781,27849,2176,63428,9635,5655,29143,13512,1100,61144,1579,0,0,0,0,0,0,0,0,479,0,166,0,0,114,0,5528,0,0,3413,677,6786,2833,17945,0,118,1789,0,0,0,176,0,20,1072,20589,0,0,0,0,0,1565,0,1615,0,352,336,0
"40",0,0,0,81,231,58,0,18248,150,49,378,6879,6732,3479,171,4607,103,0,240,591,0,0,0,558,419,277,536,6461,4500,22568,16585,1840,6114,2566,3723,0,12741,5320,1485,4414,0,0,0,0,0,0,0,0,186,0,2,0,0,0,0,3062,0,0,1156,1273,4061,333,1173,0,0,0,0,0,0,0,0,0,188,2108,0,0,0,0,0,1380,0,2784,65,35,668,0
"41",0,0,0,0,0,0,0,0,0,0,0,0,0,0,0,0,0,0,0,0,0,0,0,0,0,0,0,0,0,0,0,0,0,0,0,0,0,0,0,0,0,0,0,0,0,0,0,0,0,0,0,0,0,0,0,0,0,0,0,0,0,0,0,0,0,0,0,0,0,0,0,0,0,0,0,0,0,0,0,0,0,0,0,0,0,0
"42",0,0,0,0,0,0,0,0,0,0,0,0,0,0,0,0,0,0,0,0,0,0,0,0,0,0,0,0,0,0,0,0,0,0,0,0,0,0,0,0,0,0,0,0,0,0,0,0,0,0,0,0,0,0,0,0,0,0,0,0,0,0,0,0,0,0,0,0,0,0,0,0,0,0,0,0,0,0,0,0,0,0,0,0,0,0
"43",0,0,0,0,0,0,0,0,0,0,0,0,0,0,0,0,0,0,0,0,0,0,0,0,0,0,0,0,0,0,0,0,0,0,0,0,0,0,0,0,0,0,0,0,0,0,0,0,0,0,0,0,0,0,0,0,0,0,0,0,0,0,0,0,0,0,0,0,0,0,0,0,0,0,0,0,0,0,0,0,0,0,0,0,0,0
"44",0,0,0,0,0,0,0,0,0,0,0,0,0,0,0,0,0,0,0,0,0,0,0,0,0,0,0,0,0,0,0,0,0,0,0,0,0,0,0,0,0,0,0,0,0,0,0,0,0,0,0,0,0,0,0,0,0,0,0,0,0,0,0,0,0,0,0,0,0,0,0,0,0,0,0,0,0,0,0,0,0,0,0,0,0,0
"45",0,0,0,0,0,0,0,0,0,0,0,0,0,0,0,0,0,0,0,0,0,0,0,0,0,0,0,0,0,0,0,0,0,0,0,0,0,0,0,0,0,0,0,0,0,0,0,0,0,0,0,0,0,0,0,0,0,0,0,0,0,0,0,0,0,0,0,0,0,0,0,0,0,0,0,0,0,0,0,0,0,0,0,0,0,0
"46",0,0,0,0,0,0,0,0,0,0,0,0,0,0,0,0,0,0,0,0,0,0,0,0,0,0,0,0,0,0,0,0,0,0,0,0,0,0,0,0,0,0,0,0,0,0,0,0,0,0,0,0,0,0,0,0,0,0,0,0,0,0,0,0,0,0,0,0,0,0,0,0,0,0,0,0,0,0,0,0,0,0,0,0,0,0
"47",0,0,0,0,0,0,0,0,0,0,0,0,0,0,0,0,0,0,0,0,0,0,0,0,0,0,0,0,0,0,0,0,0,0,0,0,0,0,0,0,0,0,0,0,0,0,0,0,0,0,0,0,0,0,0,0,0,0,0,0,0,0,0,0,0,0,0,0,0,0,0,0,0,0,0,0,0,0,0,0,0,0,0,0,0,0
"48",0,0,0,0,0,0,0,0,0,0,0,0,0,0,0,0,0,0,0,0,0,0,0,0,0,0,0,0,0,0,0,0,0,0,0,0,0,0,0,0,0,0,0,0,0,0,0,0,0,0,0,0,0,0,0,0,0,0,0,0,0,0,0,0,0,0,0,0,0,0,0,0,0,0,0,0,0,0,0,0,0,0,0,0,0,0
"49",0,0,21,0,0,12,6419,3778,533,0,89,2546,5350,1358,0,1812,42,5,458,52,0,39,0,2196,0,37,9138,664,759,6708,2332,2778,4808,0,342,0,8005,9389,3796,1007,0,0,0,0,0,0,0,0,1361,0,25,0,0,0,0,0,0,0,65,290,87,0,2841,0,0,390,0,0,0,0,0,0,0,1139,0,0,0,0,0,0,0,234,0,0,0,0
"50",0,0,0,0,0,0,0,0,0,0,0,0,0,0,0,0,0,0,0,0,0,0,0,0,0,0,0,0,0,0,0,0,0,0,0,0,0,0,0,0,0,0,0,0,0,0,0,0,0,0,0,0,0,0,0,0,0,0,0,0,0,0,0,0,0,0,0,0,0,0,0,0,0,0,0,0,0,0,0,0,0,0,0,0,0,0
"51",0,0,0,8,19,2667,103,5211,0,0,0,10,0,0,0,4064,20,0,1027,0,0,0,23264,217,0,993,0,17,141,69,13,147,403,2,0,0,600,524,5,0,0,0,0,0,0,0,0,0,0,0,1364,0,0,13,0,214,0,0,0,0,0,0,1409,0,0,782,0,0,0,0,0,0,66,0,0,0,0,0,0,0,0,0,0,0,53,0
"52",0,0,0,0,0,0,0,0,0,0,0,0,0,0,0,0,0,0,0,0,0,0,0,0,0,0,0,0,0,0,0,0,0,0,0,0,0,0,0,0,0,0,0,0,0,0,0,0,0,0,0,0,0,0,0,0,0,0,0,0,0,0,0,0,0,0,0,0,0,0,0,0,0,0,0,0,0,0,0,0,0,0,0,0,0,0
"53",0,0,0,0,0,0,0,0,0,0,0,0,0,0,0,0,0,0,0,0,0,0,0,0,0,0,0,0,0,0,0,0,0,0,0,0,0,0,0,0,0,0,0,0,0,0,0,0,0,0,0,0,0,0,0,0,0,0,0,0,0,0,0,0,0,0,0,0,0,0,0,0,0,0,0,0,0,0,0,0,0,0,0,0,0,0
"54",0,0,0,0,143,0,0,7,0,0,0,738,0,0,141,218,4,0,251,0,0,0,16609,0,0,1049,914,1067,254,3763,379,367,17,20,127,0,0,35,616,0,0,0,0,0,0,0,0,0,0,0,226,0,0,127,0,0,0,0,169,0,0,64,131,0,0,71,0,0,0,0,0,0,23,332,0,0,0,0,0,12,0,0,0,86,0,0
"55",0,0,0,0,0,0,0,0,0,0,0,0,0,0,0,0,0,0,0,0,0,0,0,0,0,0,0,0,0,0,0,0,0,0,0,0,0,0,0,0,0,0,0,0,0,0,0,0,0,0,0,0,0,0,0,0,0,0,0,0,0,0,0,0,0,0,0,0,0,0,0,0,0,0,0,0,0,0,0,0,0,0,0,0,0,0
"56",0,0,0,1274,0,370,565,11936,0,33,0,1289,1955,4344,3542,21049,22,203,3916,146,0,95,229,339,0,13987,1139,8898,9204,1373,570,0,350,3542,380,0,2311,340,2300,382,0,0,0,0,0,0,0,0,0,0,0,0,0,0,0,9287,0,0,478,1046,6438,4762,24973,0,33,5610,0,0,0,111,0,0,1254,12370,0,0,0,0,0,135,0,684,0,86,435,0
"57",0,0,0,0,0,0,0,0,0,0,0,0,0,0,0,0,0,0,0,0,0,0,0,0,0,0,0,0,0,0,0,0,0,0,0,0,0,0,0,0,0,0,0,0,0,0,0,0,0,0,0,0,0,0,0,0,0,0,0,0,0,0,0,0,0,0,0,0,0,0,0,0,0,0,0,0,0,0,0,0,0,0,0,0,0,0
"58",0,0,0,0,0,0,0,0,0,0,0,0,0,0,0,0,0,0,0,0,0,0,0,0,0,0,0,0,0,0,0,0,0,0,0,0,0,0,0,0,0,0,0,0,0,0,0,0,0,0,0,0,0,0,0,0,0,0,0,0,0,0,0,0,0,0,0,0,0,0,0,0,0,0,0,0,0,0,0,0,0,0,0,0,0,0
"59",0,338,2689,203,192,116,239,51,19,192,8,16960,278,12114,473,469,223,52,37,342,0,75,6063,0,537,4082,4191,3681,3822,9687,4704,808,14714,2791,2858,68,7304,502,7924,368,0,0,0,0,0,0,0,0,27,0,111,0,0,109,0,1323,0,0,6781,165,16874,2744,5551,0,8,178,0,0,0,26,0,0,723,13954,0,0,0,0,0,1575,0,5037,0,491,191,0
"60",0,0,0,1335,64,105,0,8014,23,49,0,811,2427,2306,978,5082,43,52,123,824,0,0,153,184,419,10801,0,4327,7008,169,362,64,97,3471,494,0,2339,156,268,541,0,0,0,0,0,0,0,0,27,0,0,0,0,0,0,5127,0,0,163,2475,3620,2103,8592,0,33,422,0,0,0,80,0,0,685,7863,0,0,0,0,0,303,0,669,0,15,665,0
"61",0,0,1443,427,32,2506,528,8557,42,274,8,12010,2617,25715,6108,9348,47,467,129,852,0,0,112,264,427,3278,1560,8550,13906,2719,5119,642,18024,4908,2390,0,21286,1918,6353,769,0,0,0,0,0,0,0,0,114,0,4,0,0,0,0,4467,0,0,3504,1532,28462,7784,9642,0,8,310,0,0,0,44,0,0,1158,14557,0,0,0,0,0,990,0,9248,65,273,190,0
"62",0,338,418,0,0,6991,2266,7163,0,147,0,4098,1308,13589,6789,8715,82,462,114,360,0,0,1315,261,110,8291,2640,7985,16242,437,432,59,6295,4149,141,259,2877,2,7397,48,0,0,0,0,0,0,0,0,2,0,395,0,0,0,0,4465,0,0,2768,684,20133,8813,9836,0,8,310,0,0,0,44,0,0,1202,19671,0,0,0,0,0,201,0,3757,0,295,181,0
"63",0,0,0,1274,19,2891,604,12274,0,0,0,125,1498,4180,3683,37840,46,708,11462,146,0,0,27893,347,0,33975,1615,10587,25614,0,2,0,120,4030,0,0,246,0,2517,49,0,0,0,0,0,0,0,0,0,0,501,0,0,20,0,7137,0,0,1270,694,6438,4955,41699,0,352,12676,0,0,0,111,0,0,1532,37415,0,0,0,0,0,0,0,161,0,150,181,0
"64",0,0,0,0,0,0,0,0,0,0,0,0,0,0,0,0,0,0,0,0,0,0,0,0,0,0,0,0,0,0,0,0,0,0,0,0,0,0,0,0,0,0,0,0,0,0,0,0,0,0,0,0,0,0,0,0,0,0,0,0,0,0,0,0,0,0,0,0,0,0,0,0,0,0,0,0,0,0,0,0,0,0,0,0,0,0
"65",0,0,0,1274,0,265,478,0,0,0,0,112,76,2118,1294,2621,22,653,2892,0,0,0,153,0,0,14045,5622,4517,10254,12,54,0,2,2172,0,0,152,0,1615,0,0,0,0,0,0,0,0,0,0,0,0,0,0,0,0,1387,0,0,360,52,3402,1959,9078,0,395,3162,0,0,0,31,0,0,778,25059,0,0,0,0,0,0,0,161,0,88,6,0
"66",0,0,0,1286,15,2917,604,7562,0,0,0,112,297,2435,2681,32522,29,765,15112,146,0,0,24705,332,0,23279,1282,7659,17806,0,2,0,120,2230,0,0,153,0,2459,0,0,0,0,0,0,0,0,0,0,0,314,0,0,16,0,4212,0,0,360,92,3562,2891,35371,0,218,15248,0,0,0,108,0,0,1129,24070,0,0,0,0,0,0,0,161,0,88,6,0
"67",0,0,0,0,0,0,0,0,0,0,0,0,0,0,0,0,0,0,0,0,0,0,0,0,0,0,0,0,0,0,0,0,0,0,0,0,0,0,0,0,0,0,0,0,0,0,0,0,0,0,0,0,0,0,0,0,0,0,0,0,0,0,0,0,0,0,0,0,0,0,0,0,0,0,0,0,0,0,0,0,0,0,0,0,0,0
"68",0,0,0,0,0,0,0,0,0,0,0,0,0,0,0,0,0,0,0,0,0,0,0,0,0,0,0,0,0,0,0,0,0,0,0,0,0,0,0,0,0,0,0,0,0,0,0,0,0,0,0,0,0,0,0,0,0,0,0,0,0,0,0,0,0,0,0,0,0,0,0,0,0,0,0,0,0,0,0,0,0,0,0,0,0,0
"69",0,0,0,0,0,0,0,0,0,0,0,0,0,0,0,0,0,0,0,0,0,0,0,0,0,0,0,0,0,0,0,0,0,0,0,0,0,0,0,0,0,0,0,0,0,0,0,0,0,0,0,0,0,0,0,0,0,0,0,0,0,0,0,0,0,0,0,0,0,0,0,0,0,0,0,0,0,0,0,0,0,0,0,0,0,0
"70",0,0,0,1274,0,45,7919,1372,0,0,0,112,258,2650,807,10349,22,86,1297,146,0,0,153,7826,0,10902,29,2466,7047,0,856,1474,2666,2178,0,6175,152,2026,324,0,0,0,0,0,0,0,0,0,0,0,0,0,0,0,0,2651,0,0,117,96,3362,1839,15005,0,33,1224,0,0,0,557,0,0,514,10179,0,0,0,0,0,0,0,33,0,15,6,0
"71",0,0,0,0,0,0,0,0,0,0,0,0,0,0,0,0,0,0,0,0,0,0,0,0,0,0,0,0,0,0,0,0,0,0,0,0,0,0,0,0,0,0,0,0,0,0,0,0,0,0,0,0,0,0,0,0,0,0,0,0,0,0,0,0,0,0,0,0,0,0,0,0,0,0,0,0,0,0,0,0,0,0,0,0,0,0
"72",0,0,0,0,0,0,0,0,0,0,0,0,0,0,0,163,0,0,0,0,0,0,0,0,0,0,1724,36,2452,0,0,0,0,0,0,0,0,0,3,0,0,0,0,0,0,0,0,0,0,0,0,0,0,0,0,0,0,0,0,0,0,0,97,0,0,0,0,0,0,0,0,20,0,1706,0,0,0,0,0,0,0,0,0,0,0,0
"73",0,0,0,1274,19,388,565,7401,0,0,0,120,1277,8009,2959,16821,41,380,1351,0,0,0,13502,239,0,24006,1385,9445,15453,0,0,0,120,3951,0,0,1095,0,2416,48,0,0,0,0,0,0,0,0,0,0,501,0,0,13,0,4670,0,0,2562,650,14640,5047,15726,0,143,838,0,0,0,46,0,0,1711,24072,0,0,0,0,0,32,0,3347,0,316,181,0
"74",0,338,418,1274,106,476,3607,10975,0,192,0,5423,1567,10679,6219,31117,103,1083,5463,803,0,0,11588,626,110,36277,18761,13536,61933,1749,371,393,4635,5012,109,259,2928,37,10214,49,0,0,0,0,0,0,0,0,2,0,226,0,0,51,0,6795,0,0,4014,724,18125,8196,34735,0,395,5022,0,0,0,111,0,20,1579,73375,0,0,0,0,0,201,0,4039,0,478,181,0
"75",0,0,0,0,0,0,0,0,0,0,0,0,0,0,0,0,0,0,0,0,0,0,0,0,0,0,0,0,0,0,0,0,0,0,0,0,0,0,0,0,0,0,0,0,0,0,0,0,0,0,0,0,0,0,0,0,0,0,0,0,0,0,0,0,0,0,0,0,0,0,0,0,0,0,0,0,0,0,0,0,0,0,0,0,0,0
"76",0,0,0,0,0,0,0,0,0,0,0,0,0,0,0,0,0,0,0,0,0,0,0,0,0,0,0,0,0,0,0,0,0,0,0,0,0,0,0,0,0,0,0,0,0,0,0,0,0,0,0,0,0,0,0,0,0,0,0,0,0,0,0,0,0,0,0,0,0,0,0,0,0,0,0,0,0,0,0,0,0,0,0,0,0,0
"77",0,0,0,0,0,0,0,0,0,0,0,0,0,0,0,0,0,0,0,0,0,0,0,0,0,0,0,0,0,0,0,0,0,0,0,0,0,0,0,0,0,0,0,0,0,0,0,0,0,0,0,0,0,0,0,0,0,0,0,0,0,0,0,0,0,0,0,0,0,0,0,0,0,0,0,0,0,0,0,0,0,0,0,0,0,0
"78",0,0,0,0,0,0,0,0,0,0,0,0,0,0,0,0,0,0,0,0,0,0,0,0,0,0,0,0,0,0,0,0,0,0,0,0,0,0,0,0,0,0,0,0,0,0,0,0,0,0,0,0,0,0,0,0,0,0,0,0,0,0,0,0,0,0,0,0,0,0,0,0,0,0,0,0,0,0,0,0,0,0,0,0,0,0
"79",0,0,0,0,0,0,0,0,0,0,0,0,0,0,0,0,0,0,0,0,0,0,0,0,0,0,0,0,0,0,0,0,0,0,0,0,0,0,0,0,0,0,0,0,0,0,0,0,0,0,0,0,0,0,0,0,0,0,0,0,0,0,0,0,0,0,0,0,0,0,0,0,0,0,0,0,0,0,0,0,0,0,0,0,0,0
"80",0,0,0,72,102,48,39,2422,23,196,0,7130,3290,3350,41,697,97,0,15,847,0,0,0,0,419,386,866,236,738,7303,6240,360,3498,29,3810,0,4003,614,1985,587,0,0,0,0,0,0,0,0,2,0,0,0,0,30,0,0,0,0,2175,119,5082,420,0,0,0,0,0,0,0,0,0,0,61,1650,0,0,0,0,0,1943,0,1890,0,71,185,0
"81",0,0,0,0,0,0,0,0,0,147,0,469,0,212,0,0,0,0,0,0,0,0,0,0,0,0,0,0,185,0,0,0,0,0,72,0,425,0,262,0,0,0,0,0,0,0,0,0,2,0,0,0,0,0,0,0,0,0,233,0,233,27,0,0,0,0,0,0,0,0,0,0,0,150,0,0,0,0,0,161,0,329,0,23,0,0
"82",0,0,372,20,27,281,39,2914,278,274,11,4757,3643,12997,700,1849,11,335,78,357,0,0,0,1002,419,486,52,1404,5566,4982,6377,3898,8047,166,2984,0,19366,6194,1074,558,0,0,0,0,0,0,0,0,54,0,4,0,0,0,0,330,0,0,1515,1145,19206,1892,1531,0,0,33,0,0,0,4,0,0,129,6009,0,0,0,0,0,1034,0,10600,65,54,221,0
"83",0,0,0,0,0,0,0,0,0,0,0,167,51,784,0,0,0,0,0,0,0,0,0,0,0,0,0,0,0,0,0,0,0,0,58,0,2269,446,0,11,0,0,0,0,0,0,0,0,0,0,0,0,0,0,0,0,0,0,0,0,245,0,0,0,0,0,0,0,0,0,0,0,0,0,0,0,0,0,0,0,0,696,65,0,0,0
"84",0,0,0,0,133,17,0,4,0,147,0,2818,46,2648,183,2242,43,297,622,184,0,0,0,0,0,970,869,4053,4657,4950,486,367,118,2680,312,0,1281,35,1524,0,0,0,0,0,0,0,0,0,2,0,0,0,0,107,0,1315,0,0,3168,52,6747,1810,6588,0,60,332,0,0,0,22,0,0,772,12806,0,0,0,0,0,529,0,3374,0,510,6,0
"85",0,0,0,72,64,58,0,3992,0,0,0,1387,1417,1340,284,1721,43,52,0,0,0,0,0,15,419,273,0,4311,2911,4169,2836,415,615,3474,1187,0,1518,719,267,410,0,0,0,0,0,0,0,0,0,0,0,0,0,0,0,4666,0,0,306,991,1585,558,4837,0,8,111,0,0,0,22,0,0,619,5439,0,0,0,0,0,688,0,374,0,15,749,0
"86",0,0,0,0,0,0,0,0,0,0,0,0,0,0,0,0,0,0,0,0,0,0,0,0,0,0,0,0,0,0,0,0,0,0,0,0,0,0,0,0,0,0,0,0,0,0,0,0,0,0,0,0,0,0,0,0,0,0,0,0,0,0,0,0,0,0,0,0,0,0,0,0,0,0,0,0,0,0,0,0,0,0,0,0,0,0
